stop_area:
    area:
       xmin: -1.164268
       ymin: 0.56678
       xmax: -0.164268
       ymax: 1.56678
stop_point:
    point:
       x: -0.856632
       y: 5.10851
       z: -2.68494e-10

