waypoints:
    - point:
        x: -4.49305
        y: -0.733117
        z: -0.00275884
    - point:
        x: -6.64242
        y: 11.8526
        z: -0.00184022
finish_pose:
    header:
        seq: 0
        stamp: 0.000000000
        frame_id: 
    pose:
        position:
            x: -8.01215
            y: 17.1172
            z: 0.00135963
        orientation:
            x: 8.52054e-05
            y: -8.15823e-05
            z: 0.698399
            w: 0.715723
