waypoints:
    - point:
        x: -9.0893
        y: 25.5167
        z: 0.00379753
    - point:
        x: -7.75952
        y: 15.9432
        z: 0.00350761
    - point:
        x: -17.4074
        y: 14.1677
        z: 0.00468731
    - point:
        x: -19.0749
        y: 25.161
        z: 0.00325489
finish_pose:
    header:
        seq: 0
        stamp: 0.000000000
        frame_id: 
    pose:
        position:
            x: -9.47465
            y: 27.1864
            z: 0.00144051
        orientation:
            x: 2.06524e-05
            y: 3.82052e-05
            z: -0.624964
            w: 0.780676
