waypoints:
    - point:
        x: 22.9517
        y: -1.32537
        z: 0.00754833
finish_pose:
    header:
        seq: 0
        stamp: 1479181518.461282230
        frame_id: map
    pose:
        position:
            x: 24.199
            y: -0.826898
            z: 0
        orientation:
            x: 0
            y: 0
            z: 0.0544658
            w: 0.998516
