waypoints:
    - point:
        x: -9.14732
        y: 0.784953
        z: 0.00284004
    - point:
        x: -6.57418
        y: -4.52982
        z: 0.00620461
    - point:
        x: 0.103943
        y: -4.67409
        z: 0.00548553
finish_pose:
    header:
        seq: 0
        stamp: 423.574000000
        frame_id: map
    pose:
        position:
            x: 0.0481727
            y: 0.817763
            z: 0
        orientation:
            x: 0
            y: 0
            z: 0.999997
            w: 0.00230129
