image: tsukuba_check_area.pgm
resolution: 0.050000
origin: [-530.560010, -52.677112, 0.000000]
negate: 0
occupied_thresh: 0.65
free_thresh: 0.196

