image: tsudanuma_chyurin.pgm
resolution: 0.050000
origin: [-49.773419, -24.708032, 0.000000]
negate: 0
occupied_thresh: 0.65
free_thresh: 0.196

