# initial pose config
initial_pose_x: 115.153953552
initial_pose_y: -65.9101486206
initial_pose_a: -0.08152333681588794
initial_cov_xx: 0.065
initial_cov_yy: 0.065
initial_cov_aa: 0.065
