suspend_pose:
    - pose:
        line_tracking: 0
        position:
          x: -5.85611
          y: -1.28658
          z: 0.00316737
        orientation:
          x: -1.01601e-05
          y: -5.07072e-05
          z: -1
          w: 0.00203915
resume_pose:
    - pose:
        position:
          x: -1.63955
          y: -4.1096
          z: 0.0013588
        orientation:
          x: -1.73197e-06
          y: -1.32277e-05
          z: 0.361637
          w: -0.932327
