stop_area_center:
    center:
       x: 68.1962
       y: -3.62545
       z: 0.0
stop_point:
     point:
        x: 66.4176
        y: 0.317582
        z: 0.0

