stop_area_center:
    center:
       x: -1.12768
       y: 5.59657
       z: 0.000338324
stop_point:
     point:
        x: -4.09418
        y: 5.38526
        z: 4.08102e-05

