image: tsukuba_all_cora_for_costmap.pgm
resolution: 0.15
# origin: [-110.000000, -19.00000, -0.0500000]
origin: [-470.560010, -52.677112, 0.000000]
# mode: [0,0,10]
negate: 0
occupied_thresh: 0.65
free_thresh: 0.196

