image: tsukuba_station.pgm
resolution: 0.050000
origin: [-40.283328, -182.297070, 0.000000]
negate: 0
occupied_thresh: 0.65
free_thresh: 0.196

