image: park.pgm
resolution: 0.050000
origin: [-40.022183, -144.108569, 0.000000]
negate: 0
occupied_thresh: 0.65
free_thresh: 0.196

